jails: 
  jail: 
    world: world
    x: 1404.300000011921
    y: 77.0
    z: 814.6999999880791
    yaw: -74.50122
    pitch: 24.600056
