spawns: 
  default: 
    world: world
    x: -189.57102532963057
    y: 70.5
    z: 122.46951429669275
    yaw: -1.5009766
    pitch: 3.3000164
  newbies: 
    world: world
    x: -189.4512237112882
    y: 70.5
    z: 122.0084589136118
    yaw: 1.6489955
    pitch: 18.749998
